-0.88518853 2.30362054 -3.33021455 -5.64542908 -3.41440906 -6.01295744
-1.95428859 0.09188708 -3.22125426 -1.57771759 7.19609716 1.06625457
-0.15616933 9.13047401 -2.13303014 13.2817341 8.53024356 -3.59249862
-3.41440906 -6.10527417 -7.41317265 1.06625457 -8.59885296 -7.19956134
1.89136401 0.83681075 -2.84023091 -4.80283452 1.89136401 -1.84791063
-6.10527417 -8.14287258 -6.44635142 -6.05769731 -8.14287258 -2.8181849
-4.74566783 2.52134599 -4.80283452 -3.12980983 2.97226122 -4.68850114
-5.41075313 -0.73817009 -4.23857693 -4.34726362 -2.19071856 -5.50604852
-6.10527417 -5.24059623 0.20094638 4.45214338 9.13047401 17.6648044
2.97226122 1.89136401 5.17620719 3.17211442 0.79223213 3.19667202
13.70558808 8.53024356 7.85553359 2.30362054 -0.2885127 4.86437718
-5.00615338 -5.58075532 -5.06188106 -3.5396647 -3.03836541 -4.80283452
5.51531293 -4.44636462 -1.57771759 -4.08354309 7.85553359 10.4664261
-4.39681412 -2.8181849 -4.34726362 -2.32198534 -2.45607839 -3.89458346
2.52134599 2.97226122 2.70854207 3.60762886 6.45873085 -0.88518853
-7.56836886 -7.30636699 -5.64542908 -1.84791063 2.83470525 5.2776731
3.32862239 7.19609716 5.51531293 8.53024356 6.72135609 9.70352496
4.77155253 5.63635685 4.45214338 5.2776731 -1.84791063 -4.95042571
-5.26298235 1.38192172 -4.44636462 -3.89458346 4.77155253 -5.24059623
-1.57771759 -2.39556371 -5.7201836 1.51479568 -4.08354309 -5.68280634
-3.5396647 -0.40907453 6.45873085 -5.51608156 5.63635685 6.13920219
-2.97839658 -6.55323415 -5.21821012 -4.34726362 -2.19071856 3.46812562
-6.55323415 -2.51659307 -2.51659307 2.77162366 0.09188708 -6.44635142
2.70854207 5.98482429 3.89997803 15.94235973 9.70352496 6.72135609
-3.59249862 3.17211442 -3.56084135 -6.05769731 2.70854207 -6.12578163
7.85553359 13.70558808 -1.90109961 4.81796486 5.98482429 3.46812562
-5.84808705 -4.95042571 -6.79739348 -0.2885127 -7.72356508 -2.39556371
0.14641673 0.20094638 1.89136401 0.20094638 3.89997803 13.70558808
-6.10527417 -5.24059623 -2.97839658 -6.05769731 -6.35277 -6.12578163
0.14641673 -2.04365936 -5.26298235 -6.05769731 -5.14004559 -2.8181849
-8.14287258 -2.24840698 2.83470525 -8.14287258 15.94235973 13.2817341
2.30362054 4.08608183 -1.44014876 13.70558808 -6.55323415 11.90028399
9.70352496 11.11742087 13.70558808 11.11742087 -0.66424051 -0.34879361
-5.00615338 -5.58075532 1.59392809 -3.5396647 -4.87663012 -0.66424051
-0.34879361 -0.22234102 -3.89458346 -7.19956134 -6.55323415 -4.34726362
-1.84791063 -1.44014876 3.32862239 -5.24059623 4.45214338 2.52134599
-5.64542908 -2.91842775 -5.51608156 -5.00615338 -4.34726362 -2.13303014
-8.59885296 -6.18585473 -2.79613889 -8.59885296 -4.23857693 -5.06188106
-1.44014876 4.77155253 4.81796486 5.51531293 4.86437718 2.97226122
-3.89458346 -5.9595933 3.14755681 -2.91842775 -1.50893317 -3.33021455
-3.89458346 -3.57666998 -8.14287258 -6.37181134 0.79223213 -3.33021455
-2.97839658 -1.71281411 -1.90109961 6.72135609 2.52134599 1.59392809
-3.5396647 -6.39085269 -7.19956134 -5.51608156 1.43566326 6.13920219
-2.32198534 -3.46644856 -3.56084135 -6.05769731 -0.88518853 -6.12578163
-4.74566783 -5.06188106 -6.14628909 3.89997803 -5.50604852 2.21748814
5.63635685 15.94235973 -0.2885127 -0.73817009 -5.14004559 3.89997803
-6.25480531 -6.79739348 -6.60461814 -6.50185016 -4.68850114 2.70854207
-6.55323415 -6.25480531 -8.59885296 -6.60461814 -5.78413532 5.63635685
-2.32198534 7.64567042 -2.97839658 -0.73817009 -0.88518853 -2.8181849
1.32818019 -3.33021455 -2.39556371 -3.12980983 1.59392809 2.21748814
8.53024356 3.32862239 2.13135575 2.77162366 3.32862239 -6.44635142
6.59004347 -1.71281411 5.98482429 11.90028399 1.06625457 -5.50604852
6.29358008 7.85553359 2.30362054 7.19609716 2.30362054 7.750602
7.64567042 3.89997803 7.19609716 7.64567042 -2.79613889 11.11742087
-6.37181134 -5.9595933 0.09188708 0.09188708 -1.50893317 -6.30378766
4.15641399 6.59004347 15.94235973 9.13047401 -3.5396647 4.12124791
-4.23857693 -3.03836541 -5.90622917 -7.41317265 4.08608183 -8.37086277
-6.10527417 -8.14287258 -6.44635142 -6.05769731 -6.35277 -6.12578163
-6.99847741 0.74765351 0.55066783 -2.51659307 2.13135575 0.14641673
16.80358206 9.70352496 6.29358008 -2.60788824 17.6648044 -2.8181849
-2.8181849 1.38192172 -0.88518853 -3.89458346 -5.64542908 -5.24059623
2.13135575 -3.89458346 2.97226122 6.29358008 3.60762886 4.45214338
13.2817341 17.6648044 10.4664261 17.6648044 0.3758071 7.750602
-6.99847741 -4.29292027 -6.10527417 -6.79739348 -3.93412566 -6.70100581
4.86437718 2.83470525 -4.08354309 4.15641399 -4.44636462 -8.37086277
-2.32198534 -3.46644856 -3.56084135 -6.05769731 -0.88518853 -2.8181849
1.06625457 -5.9595933 5.17620719 9.70352496 -5.41075313 -3.33021455
0.74765351 4.15641399 1.43566326 5.07474128 5.51531293 -0.34879361
0.83681075 1.38192172 6.72135609 -0.15616933 -1.95428859 5.07474128
-4.08354309 2.38697164 -3.41440906 -1.44014876 -6.18585473 -6.70100581
-5.21821012 -6.35277 -6.05769731 0.83681075 -3.33021455 -7.41317265
5.98482429 -2.60788824 2.38697164 -2.13303014 -2.84023091 -0.15616933
9.13047401 10.4664261 9.70352496 10.4664261 -5.90622917 7.19609716
2.83470525 5.07474128 3.60762886 5.63635685 5.07474128 3.14755681
-5.51106504 -1.11727047 1.06625457 1.51479568 5.2776731 1.32818019
-3.2757344 -4.74566783 0.74765351 5.98482429 -5.26298235 -5.84808705
-3.2757344 -5.41075313 1.32818019 -1.11727047 3.17211442 -2.13303014
-4.39681412 6.29358008 -1.11727047 -2.32198534 -2.45607839 2.83470525
11.90028399 0.55066783 17.6648044 4.08608183 -2.91842775 6.45873085
-2.8181849 1.38192172 2.52134599 -0.88518853 6.29358008 -0.81209967
3.19667202 3.60762886 -3.89458346 2.13135575 -7.41317265 -4.34726362
10.4664261 6.59004347 8.53024356 3.32862239 -3.5396647 4.12124791
-1.11727047 -0.73817009 -5.41075313 -4.34726362 -6.05769731 -5.50604852
7.19609716 -2.8181849 13.2817341 6.45873085 2.38697164 -3.89458346
-0.81209967 -3.22125426 -6.18585473 -5.24059623 -5.51608156 -5.90622917
2.38697164 2.70854207 4.08608183 2.38697164 0.3758071 -1.57771759
1.43566326 4.45214338 -2.24840698 0.55066783 7.64567042 15.94235973
11.11742087 -4.29292027 4.81796486 7.85553359 11.11742087 0.14641673
-0.66424051 -0.88518853 -4.95042571 -2.8181849 -0.40907453 4.77155253
5.07474128 11.90028399 7.64567042 -3.33021455 13.70558808 5.51531293
3.60762886 13.2817341 -0.81209967 2.77162366 -5.78413532 -3.56084135
3.14755681 2.13135575 -2.60788824 1.89136401 -6.05769731 -1.27870961
-5.51106504 -3.89458346 -0.15616933 -4.68850114 -2.60788824 -5.68280634
-7.56836886 -7.30636699 -6.25480531 -7.72356508 -6.79739348 1.43566326
-2.60788824 -5.58075532 -0.40907453 -3.5396647 -4.87663012 1.89136401
4.08608183 -4.74566783 -0.66424051 -5.00615338 3.17211442 -2.13303014
6.59004347 4.86437718 4.15641399 4.81796486 -6.05769731 -1.27870961
0.55066783 -5.58075532 11.90028399 -3.5396647 13.2817341 9.13047401
-2.32198534 -2.04365936 -7.72356508 -6.05769731 1.32818019 0.79223213
4.45214338 -6.55323415 11.11742087 0.74765351 11.90028399 8.53024356
1.59392809 5.2776731 -4.68850114 -2.8181849 -3.22125426 -4.08354309
-6.37181134 -5.9595933 -5.84808705 -6.37181134 -3.85504126 -6.30378766
-6.10527417 -8.14287258 -6.01295744 -6.05769731 -3.59249862 0.79223213
3.89997803 -3.57666998 9.13047401 3.17211442 10.4664261 0.55066783
-5.90622917 5.51531293 5.63635685 1.32818019 4.15641399 2.38697164
-0.34879361 -0.22234102 -5.50604852 -0.40907453 -0.15616933 -4.34726362
16.80358206 3.17211442 3.19667202 -1.95428859 -6.35277 -2.8181849
5.2776731 -4.08354309 0.83681075 2.77162366 -7.19956134 -3.56084135
-5.7201836 -6.14628909 -6.35277 -5.41075313 -6.14628909 -7.72356508
-0.88518853 2.30362054 -3.33021455 -5.51608156 -3.41440906 -6.01295744
-1.95428859 0.09188708 -3.22125426 -1.57771759 7.19609716 1.06625457
-0.15616933 9.13047401 -2.13303014 13.2817341 8.53024356 -3.56084135
-3.41440906 -6.10527417 -7.41317265 1.06625457 -8.59885296 -7.19956134
1.89136401 0.83681075 -2.84023091 -4.80283452 1.89136401 -1.84791063
-6.10527417 -8.14287258 -6.44635142 -6.05769731 -8.14287258 -2.8181849
-4.74566783 2.52134599 -4.80283452 -3.12980983 2.97226122 -4.68850114
-5.41075313 -0.73817009 -4.23857693 -4.34726362 -2.19071856 -5.50604852
-6.10527417 -5.24059623 0.20094638 4.45214338 9.13047401 17.6648044
2.97226122 1.89136401 5.17620719 3.17211442 0.79223213 3.19667202
13.70558808 8.53024356 7.85553359 2.30362054 -0.2885127 4.86437718
-5.00615338 -5.58075532 -5.06188106 -3.5396647 -3.03836541 -4.80283452
5.51531293 -4.44636462 -1.57771759 -4.08354309 7.85553359 10.4664261
-4.39681412 -2.8181849 -4.34726362 -2.32198534 -2.45607839 -3.89458346
2.52134599 2.97226122 2.70854207 3.60762886 6.45873085 -0.88518853
-7.56836886 -7.30636699 -5.64542908 -1.84791063 2.83470525 5.2776731
3.32862239 7.19609716 5.51531293 8.53024356 6.72135609 9.70352496
4.77155253 5.63635685 4.45214338 5.2776731 -1.84791063 -4.95042571
-5.26298235 1.38192172 -4.44636462 -3.89458346 4.77155253 -5.24059623
-1.57771759 -2.39556371 -5.7201836 1.51479568 -4.08354309 -5.68280634
-3.5396647 -0.40907453 6.45873085 -5.51608156 5.63635685 6.13920219
-2.97839658 -6.55323415 -5.21821012 -4.34726362 -2.19071856 3.46812562
-6.55323415 -2.51659307 -2.51659307 2.77162366 0.09188708 -6.44635142
2.70854207 5.98482429 3.89997803 15.94235973 9.70352496 6.72135609
-3.59249862 3.17211442 -3.56084135 -6.05769731 2.70854207 -6.12578163
7.85553359 13.70558808 -1.90109961 4.81796486 5.98482429 3.46812562
-5.84808705 -4.95042571 -6.79739348 -0.2885127 -7.72356508 -2.39556371
0.14641673 0.20094638 1.89136401 0.20094638 3.89997803 13.70558808
-6.10527417 -5.24059623 -2.97839658 -6.05769731 -6.35277 -6.12578163
0.14641673 -2.04365936 -5.26298235 -6.05769731 -5.14004559 -2.8181849
-8.14287258 -2.24840698 2.83470525 -8.14287258 15.94235973 13.2817341
2.30362054 4.08608183 -1.44014876 13.70558808 -6.55323415 11.90028399
9.70352496 11.11742087 13.70558808 11.11742087 -0.66424051 -0.34879361
-5.00615338 -5.58075532 1.59392809 -3.5396647 -4.87663012 -0.66424051
-0.34879361 -0.22234102 -3.89458346 -7.19956134 -6.55323415 -4.34726362
-1.84791063 -1.44014876 3.32862239 -5.24059623 4.45214338 2.52134599
-5.64542908 -2.91842775 -5.51608156 -5.00615338 -4.34726362 -2.13303014
-8.59885296 -6.18585473 -2.79613889 -8.59885296 -4.23857693 -5.06188106
-1.44014876 4.77155253 4.81796486 5.51531293 4.86437718 2.97226122
-3.89458346 -5.9595933 3.14755681 -2.91842775 -1.50893317 -3.33021455
-3.89458346 -3.57666998 -8.14287258 -6.37181134 0.79223213 -3.33021455
-2.97839658 -1.71281411 -1.90109961 6.72135609 2.52134599 1.59392809
-3.5396647 -6.39085269 -7.19956134 -5.51608156 1.43566326 6.13920219
-2.32198534 -3.46644856 -3.56084135 -6.05769731 -0.88518853 -6.12578163
-4.74566783 -5.06188106 -6.14628909 3.89997803 -5.50604852 2.21748814
5.63635685 15.94235973 -0.2885127 -0.73817009 -5.14004559 3.89997803
-6.25480531 -6.79739348 -6.60461814 -6.50185016 -4.68850114 2.70854207
-6.55323415 -6.25480531 -8.59885296 -6.60461814 -5.78413532 5.63635685
-2.32198534 7.64567042 -2.97839658 -0.73817009 -0.88518853 -2.8181849
1.32818019 -3.33021455 -2.39556371 -3.12980983 1.59392809 2.21748814
8.53024356 3.32862239 2.13135575 2.77162366 3.32862239 -6.44635142
6.59004347 -1.71281411 5.98482429 11.90028399 1.06625457 -5.50604852
6.29358008 7.85553359 2.30362054 7.19609716 2.30362054 7.750602
7.64567042 3.89997803 7.19609716 7.64567042 -2.79613889 11.11742087
-6.37181134 -5.9595933 0.09188708 0.09188708 -1.50893317 -6.30378766
4.15641399 6.59004347 15.94235973 9.13047401 -3.5396647 4.12124791
-4.23857693 -3.03836541 -5.90622917 -7.41317265 4.08608183 -8.37086277
-6.10527417 -8.14287258 -6.44635142 -6.05769731 -6.35277 -6.12578163
-6.99847741 0.74765351 0.55066783 -2.51659307 2.13135575 0.14641673
16.80358206 9.70352496 6.29358008 -2.60788824 17.6648044 -2.8181849
-2.8181849 1.38192172 -0.88518853 -3.89458346 -5.64542908 -5.24059623
2.13135575 -3.89458346 2.97226122 6.29358008 3.60762886 4.45214338
13.2817341 17.6648044 10.4664261 17.6648044 0.3758071 7.750602
-6.99847741 -4.29292027 -6.10527417 -6.79739348 -3.93412566 -6.70100581
4.86437718 2.83470525 -4.08354309 4.15641399 -4.44636462 -8.37086277
-2.32198534 -3.46644856 -3.56084135 -6.05769731 -0.88518853 -2.8181849
1.06625457 -5.9595933 5.17620719 9.70352496 -5.41075313 -3.33021455
0.74765351 4.15641399 1.43566326 5.07474128 5.51531293 -0.34879361
0.83681075 1.38192172 6.72135609 -0.15616933 -1.95428859 5.07474128
-4.08354309 2.38697164 -3.41440906 -1.44014876 -6.18585473 -6.70100581
-5.21821012 -6.35277 -6.05769731 0.83681075 -3.33021455 -7.41317265
5.98482429 -2.60788824 2.38697164 -2.13303014 -2.84023091 -0.15616933
9.13047401 10.4664261 9.70352496 10.4664261 -5.90622917 7.19609716
2.83470525 5.07474128 3.60762886 5.63635685 5.07474128 3.14755681
-5.51106504 -1.11727047 1.06625457 1.51479568 5.2776731 1.32818019
-3.2757344 -4.74566783 0.74765351 5.98482429 -5.26298235 -5.84808705
-3.2757344 -5.41075313 1.32818019 -1.11727047 3.17211442 -2.13303014
-4.39681412 6.29358008 -1.11727047 -2.32198534 -2.45607839 2.83470525
11.90028399 0.55066783 17.6648044 4.08608183 -2.91842775 6.45873085
-2.8181849 1.38192172 2.52134599 -0.88518853 6.29358008 -0.81209967
3.19667202 3.60762886 -3.89458346 2.13135575 -7.41317265 -4.34726362
10.4664261 6.59004347 8.53024356 3.32862239 -3.5396647 4.12124791
-1.11727047 -0.73817009 -5.41075313 -4.34726362 -6.05769731 -5.50604852
7.19609716 -2.8181849 13.2817341 6.45873085 2.38697164 -3.89458346
-0.81209967 -3.22125426 -6.18585473 -5.24059623 -5.51608156 -5.90622917
2.38697164 2.70854207 4.08608183 2.38697164 0.3758071 -1.57771759
1.43566326 4.45214338 -2.24840698 0.55066783 7.64567042 15.94235973
11.11742087 -4.29292027 4.81796486 7.85553359 11.11742087 0.14641673
-0.66424051 -0.88518853 -4.95042571 -2.8181849 -0.40907453 4.77155253
5.07474128 11.90028399 7.64567042 -3.33021455 13.70558808 5.51531293
3.60762886 13.2817341 -0.81209967 2.77162366 -5.78413532 -3.56084135
3.14755681 2.13135575 -2.60788824 1.89136401 -6.05769731 -1.27870961
-5.51106504 -3.89458346 -0.15616933 -4.68850114 -2.60788824 -5.68280634
-7.56836886 -7.30636699 -6.25480531 -7.72356508 -6.79739348 1.43566326
-2.60788824 -5.58075532 -0.40907453 -3.5396647 -4.87663012 1.89136401
4.08608183 -4.74566783 -0.66424051 -5.00615338 3.17211442 -2.13303014
6.59004347 4.86437718 4.15641399 4.81796486 -6.05769731 -1.27870961
0.55066783 -5.58075532 11.90028399 -3.5396647 13.2817341 9.13047401
-2.32198534 -2.04365936 -7.72356508 -6.05769731 1.32818019 0.79223213
4.45214338 -6.55323415 11.11742087 0.74765351 11.90028399 8.53024356
1.59392809 5.2776731 -4.68850114 -2.8181849 -3.22125426 -4.08354309
-6.37181134 -5.9595933 -5.84808705 -6.37181134 -3.85504126 -6.30378766
-6.10527417 -8.14287258 -6.01295744 -6.05769731 -3.59249862 0.79223213
3.89997803 -3.57666998 9.13047401 3.17211442 10.4664261 0.55066783
-5.90622917 5.51531293 5.63635685 1.32818019 4.15641399 2.38697164
-0.34879361 -0.22234102 -5.50604852 -0.40907453 -0.15616933 -4.34726362
16.80358206 3.17211442 3.19667202 -1.95428859 -6.35277 -2.8181849
5.2776731 -4.08354309 0.83681075 2.77162366 -7.19956134 -3.56084135
-5.7201836 -6.14628909 -6.35277 -5.41075313 -6.14628909 -7.72356508
-0.88518853 2.30362054 -3.33021455 -5.51608156 -3.41440906 -6.01295744
-1.95428859 0.09188708 -3.22125426 -1.57771759 7.19609716 1.06625457
-0.15616933 9.13047401 -2.13303014 13.2817341 8.53024356 -3.56084135
-3.41440906 -6.10527417 -7.41317265 1.06625457 -8.59885296 -7.19956134
1.89136401 0.83681075 -2.84023091 -4.80283452 1.89136401 -1.84791063
-6.10527417 -8.14287258 -6.44635142 -6.05769731 -8.14287258 -2.8181849
-4.74566783 2.52134599 -4.80283452 -3.12980983 2.97226122 -4.68850114
-5.41075313 -0.73817009 -4.23857693 -4.34726362 -2.19071856 -5.50604852
-6.10527417 -5.24059623 0.20094638 4.45214338 9.13047401 17.6648044
2.97226122 1.89136401 5.17620719 3.17211442 0.79223213 3.19667202
13.70558808 8.53024356 7.85553359 2.30362054 -0.2885127 4.86437718
-5.00615338 -5.58075532 -5.06188106 -3.5396647 -3.03836541 -4.80283452
5.51531293 -4.44636462 -1.57771759 -4.08354309 7.85553359 10.4664261
-4.39681412 -2.8181849 -4.34726362 -2.32198534 -2.45607839 -3.89458346
2.52134599 2.97226122 2.70854207 3.60762886 6.45873085 -0.88518853
-7.56836886 -7.30636699 -5.64542908 -1.84791063 2.83470525 5.2776731
3.32862239 7.19609716 5.51531293 8.53024356 6.72135609 9.70352496
4.77155253 5.63635685 4.45214338 5.2776731 -1.84791063 -4.95042571
-5.26298235 1.38192172 -4.44636462 -3.89458346 4.77155253 -5.24059623
-1.57771759 -2.39556371 -5.7201836 1.51479568 -4.08354309 -5.68280634
-3.5396647 -0.40907453 6.45873085 -5.51608156 5.63635685 6.13920219
-2.97839658 -6.55323415 -5.21821012 -4.34726362 -2.19071856 3.46812562
-6.55323415 -2.51659307 -2.51659307 2.77162366 0.09188708 -6.44635142
2.70854207 5.98482429 3.89997803 15.94235973 9.70352496 6.72135609
-3.59249862 3.17211442 -3.56084135 -6.05769731 2.70854207 -6.12578163
7.85553359 13.70558808 -1.90109961 4.81796486 5.98482429 3.46812562
-5.84808705 -4.95042571 -6.79739348 -0.2885127 -7.72356508 -2.39556371
0.14641673 0.20094638 1.89136401 0.20094638 3.89997803 13.70558808
-6.10527417 -5.24059623 -2.97839658 -6.05769731 -6.35277 -6.12578163
0.14641673 -2.04365936 -5.26298235 -6.05769731 -5.14004559 -2.8181849
-8.14287258 -2.24840698 2.83470525 -8.14287258 15.94235973 13.2817341
2.30362054 4.08608183 -1.44014876 13.70558808 -6.55323415 11.90028399
9.70352496 11.11742087 13.70558808 11.11742087 -0.66424051 -0.34879361
-5.00615338 -5.58075532 1.59392809 -3.5396647 -4.87663012 -0.66424051
-0.34879361 -0.22234102 -3.89458346 -7.19956134 -6.55323415 -4.34726362
-1.84791063 -1.44014876 3.32862239 -5.24059623 4.45214338 2.52134599
-5.64542908 -2.91842775 -5.51608156 -5.00615338 -4.34726362 -2.13303014
-8.59885296 -6.18585473 -2.79613889 -8.59885296 -4.23857693 -5.06188106
-1.44014876 4.77155253 4.81796486 5.51531293 4.86437718 2.97226122
-3.89458346 -5.9595933 3.14755681 -2.91842775 -1.50893317 -3.33021455
-3.89458346 -3.57666998 -8.14287258 -6.37181134 0.79223213 -3.33021455
-2.97839658 -1.71281411 -1.90109961 6.72135609 2.52134599 1.59392809
-3.5396647 -6.39085269 -7.19956134 -5.51608156 1.43566326 6.13920219
-2.32198534 -3.46644856 -3.56084135 -6.05769731 -0.88518853 -6.12578163
-4.74566783 -5.06188106 -6.14628909 3.89997803 -5.50604852 2.21748814
5.63635685 15.94235973 -0.2885127 -0.73817009 -5.14004559 3.89997803
-6.25480531 -6.79739348 -6.60461814 -6.50185016 -4.68850114 2.70854207
-6.55323415 -6.25480531 -8.59885296 -6.60461814 -5.78413532 5.63635685
-2.32198534 7.64567042 -2.97839658 -0.73817009 -0.88518853 -2.8181849
1.32818019 -3.33021455 -2.39556371 -3.12980983 1.59392809 2.21748814
8.53024356 3.32862239 2.13135575 2.77162366 3.32862239 -6.44635142
6.59004347 -1.71281411 5.98482429 11.90028399 1.06625457 -5.50604852
6.29358008 7.85553359 2.30362054 7.19609716 2.30362054 7.750602
7.64567042 3.89997803 7.19609716 7.64567042 -2.79613889 11.11742087
-6.37181134 -5.9595933 0.09188708 0.09188708 -1.50893317 -6.30378766
4.15641399 6.59004347 15.94235973 9.13047401 -3.5396647 4.12124791
-4.23857693 -3.03836541 -5.90622917 -7.41317265 4.08608183 -8.37086277
-6.10527417 -8.14287258 -6.44635142 -6.05769731 -6.35277 -6.12578163
-6.99847741 0.74765351 0.55066783 -2.51659307 2.13135575 0.14641673
16.80358206 9.70352496 6.29358008 -2.60788824 17.6648044 -2.8181849
-2.8181849 1.38192172 -0.88518853 -3.89458346 -5.64542908 -5.24059623
2.13135575 -3.89458346 2.97226122 6.29358008 3.60762886 4.45214338
13.2817341 17.6648044 10.4664261 17.6648044 0.3758071 7.750602
-6.99847741 -4.29292027 -6.10527417 -6.79739348 -3.93412566 -6.70100581
4.86437718 2.83470525 -4.08354309 4.15641399 -4.44636462 -8.37086277
-2.32198534 -3.46644856 -3.56084135 -6.05769731 -0.88518853 -2.8181849
1.06625457 -5.9595933 5.17620719 9.70352496 -5.41075313 -3.33021455
0.74765351 4.15641399 1.43566326 5.07474128 5.51531293 -0.34879361
0.83681075 1.38192172 6.72135609 -0.15616933 -1.95428859 5.07474128
-4.08354309 2.38697164 -3.41440906 -1.44014876 -6.18585473 -6.70100581
-5.21821012 -6.35277 -6.05769731 0.83681075 -3.33021455 -7.41317265
5.98482429 -2.60788824 2.38697164 -2.13303014 -2.84023091 -0.15616933
9.13047401 10.4664261 9.70352496 10.4664261 -5.90622917 7.19609716
2.83470525 5.07474128 3.60762886 5.63635685 5.07474128 3.14755681
-5.51106504 -1.11727047 1.06625457 1.51479568 5.2776731 1.32818019
-3.2757344 -4.74566783 0.74765351 5.98482429 -5.26298235 -5.84808705
-3.2757344 -5.41075313 1.32818019 -1.11727047 3.17211442 -2.13303014
-4.39681412 6.29358008 -1.11727047 -2.32198534 -2.45607839 2.83470525
11.90028399 0.55066783 17.6648044 4.08608183 -2.91842775 6.45873085
-2.8181849 1.38192172 2.52134599 -0.88518853 6.29358008 -0.81209967
3.19667202 3.60762886 -3.89458346 2.13135575 -7.41317265 -4.34726362
10.4664261 6.59004347 8.53024356 3.32862239 -3.5396647 4.12124791
-1.11727047 -0.73817009 -5.41075313 -4.34726362 -6.05769731 -5.50604852
7.19609716 -2.8181849 13.2817341 6.45873085 2.38697164 -3.89458346
-0.81209967 -3.22125426 -6.18585473 -5.24059623 -5.51608156 -5.90622917
2.38697164 2.70854207 4.08608183 2.38697164 0.3758071 -1.57771759
1.43566326 4.45214338 -2.24840698 0.55066783 7.64567042 15.94235973
11.11742087 -4.29292027 4.81796486 7.85553359 11.11742087 0.14641673
-0.66424051 -0.88518853 -4.95042571 -2.8181849 -0.40907453 4.77155253
5.07474128 11.90028399 7.64567042 -3.33021455 13.70558808 5.51531293
3.60762886 13.2817341 -0.81209967 2.77162366 -5.78413532 -3.56084135
3.14755681 2.13135575 -2.60788824 1.89136401 -6.05769731 -1.27870961
-5.51106504 -3.89458346 -0.15616933 -4.68850114 -2.60788824 -5.68280634
-7.56836886 -7.30636699 -6.25480531 -7.72356508 -6.79739348 1.43566326
-2.60788824 -5.58075532 -0.40907453 -3.5396647 -4.87663012 1.89136401
4.08608183 -4.74566783 -0.66424051 -5.00615338 3.17211442 -2.13303014
6.59004347 4.86437718 4.15641399 4.81796486 -6.05769731 -1.27870961
0.55066783 -5.58075532 11.90028399 -3.5396647 13.2817341 9.13047401
-2.32198534 -2.04365936 -7.72356508 -6.05769731 1.32818019 0.79223213
4.45214338 -6.55323415 11.11742087 0.74765351 11.90028399 8.53024356
1.59392809 5.2776731 -4.68850114 -2.8181849 -3.22125426 -4.08354309
-6.37181134 -5.9595933 -5.84808705 -6.37181134 -3.85504126 -6.30378766
-6.10527417 -8.14287258 -6.01295744 -6.05769731 -3.59249862 0.79223213
3.89997803 -3.57666998 9.13047401 3.17211442 10.4664261 0.55066783
-5.90622917 5.51531293 5.63635685 1.32818019 4.15641399 2.38697164
-0.34879361 -0.22234102 -5.50604852 -0.40907453 -0.15616933 -4.34726362
16.80358206 3.17211442 3.19667202 -1.95428859 -6.35277 -2.8181849
5.2776731 -4.08354309 0.83681075 2.77162366 -7.19956134 -3.56084135
-5.7201836 -6.14628909 -6.35277 -5.41075313 -6.14628909 -7.72356508
-0.88518853 2.30362054 -3.33021455 -5.51608156 -3.41440906 -6.01295744
-1.95428859 0.09188708 -3.22125426 -1.57771759 7.19609716 1.06625457
-0.15616933 9.13047401 -2.13303014 13.2817341 8.53024356 -3.56084135
-3.41440906 -6.10527417 -7.41317265 1.06625457 -8.59885296 -7.19956134
1.89136401 0.83681075 -2.84023091 -4.80283452 1.89136401 -1.84791063
-6.10527417 -8.14287258 -6.44635142 -6.05769731 -8.14287258 -2.8181849
-4.74566783 2.52134599 -4.80283452 -3.12980983 2.97226122 -4.68850114
-5.41075313 -0.73817009 -4.23857693 -4.34726362 -2.19071856 -5.50604852
-6.10527417 -5.24059623 0.20094638 4.45214338 9.13047401 17.6648044
2.97226122 1.89136401 5.17620719 3.17211442 0.79223213 3.19667202
13.70558808 8.53024356 7.85553359 2.30362054 -0.2885127 4.86437718
-5.00615338 -5.58075532 -5.06188106 -3.5396647 -3.03836541 -4.80283452
5.51531293 -4.44636462 -1.57771759 -4.08354309 7.85553359 10.4664261
-4.39681412 -2.8181849 -4.34726362 -2.32198534 -2.45607839 -3.89458346
2.52134599 2.97226122 2.70854207 3.60762886 6.45873085 -0.88518853
-7.56836886 -7.30636699 -5.64542908 -1.84791063 2.83470525 5.2776731
3.32862239 7.19609716 5.51531293 8.53024356 6.72135609 9.70352496
4.77155253 5.63635685 4.45214338 5.2776731 -1.84791063 -4.95042571
-5.26298235 1.38192172 -4.44636462 -3.89458346 4.77155253 -5.24059623
-1.57771759 -2.39556371 -5.7201836 1.51479568 -4.08354309 -5.68280634
-3.5396647 -0.40907453 6.45873085 -5.51608156 5.63635685 6.13920219
-2.97839658 -6.55323415 -5.21821012 -4.34726362 -2.19071856 3.46812562
-6.55323415 -2.51659307 -2.51659307 2.77162366 0.09188708 -6.44635142
2.70854207 5.98482429 3.89997803 15.94235973 9.70352496 6.72135609
-3.59249862 3.17211442 -3.56084135 -6.05769731 2.70854207 -6.12578163
7.85553359 13.70558808 -1.90109961 4.81796486 5.98482429 3.46812562
-5.84808705 -4.95042571 -6.79739348 -0.2885127 -7.72356508 -2.39556371
0.14641673 0.20094638 1.89136401 0.20094638 3.89997803 13.70558808
-6.10527417 -5.24059623 -2.97839658 -6.05769731 -6.35277 -6.12578163
0.14641673 -2.04365936 -5.26298235 -6.05769731 -5.14004559 -2.8181849
-8.14287258 -2.24840698 2.83470525 -8.14287258 15.94235973 13.2817341
2.30362054 4.08608183 -1.44014876 13.70558808 -6.55323415 11.90028399
9.70352496 11.11742087 13.70558808 11.11742087 -0.66424051 -0.34879361
-5.00615338 -5.58075532 1.59392809 -3.5396647 -4.87663012 -0.66424051
-0.34879361 -0.22234102 -3.89458346 -7.19956134 -6.55323415 -4.34726362
-1.84791063 -1.44014876 3.32862239 -5.24059623 4.45214338 2.52134599
-5.64542908 -2.91842775 -5.51608156 -5.00615338 -4.34726362 -2.13303014
-8.59885296 -6.18585473 -2.79613889 -8.59885296 -4.23857693 -5.06188106
-1.44014876 4.77155253 4.81796486 5.51531293 4.86437718 2.97226122
-3.89458346 -5.9595933 3.14755681 -2.91842775 -1.50893317 -3.33021455
-3.89458346 -3.57666998 -8.14287258 -6.37181134 0.79223213 -3.33021455
-2.97839658 -1.71281411 -1.90109961 6.72135609 2.52134599 1.59392809
-3.5396647 -6.39085269 -7.19956134 -5.51608156 1.43566326 6.13920219
-2.32198534 -3.46644856 -3.56084135 -6.05769731 -0.88518853 -6.12578163
-4.74566783 -5.06188106 -6.14628909 3.89997803 -5.50604852 2.21748814
5.63635685 15.94235973 -0.2885127 -0.73817009 -5.14004559 3.89997803
-6.25480531 -6.79739348 -6.60461814 -6.50185016 -4.68850114 2.70854207
-6.55323415 -6.25480531 -8.59885296 -6.60461814 -5.78413532 5.63635685
-2.32198534 7.64567042 -2.97839658 -0.73817009 -0.88518853 -2.8181849
1.32818019 -3.33021455 -2.39556371 -3.12980983 1.59392809 2.21748814
8.53024356 3.32862239 2.13135575 2.77162366 3.32862239 -6.44635142
6.59004347 -1.71281411 5.98482429 11.90028399 1.06625457 -5.50604852
6.29358008 7.85553359 2.30362054 7.19609716 2.30362054 7.750602
7.64567042 3.89997803 7.19609716 7.64567042 -2.79613889 11.11742087
-6.37181134 -5.9595933 0.09188708 0.09188708 -1.50893317 -6.30378766
4.15641399 6.59004347 15.94235973 9.13047401 -3.5396647 4.12124791
-4.23857693 -3.03836541 -5.90622917 -7.41317265 4.08608183 -8.37086277
-6.10527417 -8.14287258 -6.44635142 -6.05769731 -6.35277 -6.12578163
-6.99847741 0.74765351 0.55066783 -2.51659307 2.13135575 0.14641673
16.80358206 9.70352496 6.29358008 -2.60788824 17.6648044 -2.8181849
-2.8181849 1.38192172 -0.88518853 -3.89458346 -5.64542908 -5.24059623
2.13135575 -3.89458346 2.97226122 6.29358008 3.60762886 4.45214338
13.2817341 17.6648044 10.4664261 17.6648044 0.3758071 7.750602
-6.99847741 -4.29292027 -6.10527417 -6.79739348 -3.93412566 -6.70100581
4.86437718 2.83470525 -4.08354309 4.15641399 -4.44636462 -8.37086277
-2.32198534 -3.46644856 -3.56084135 -6.05769731 -0.88518853 -2.8181849
1.06625457 -5.9595933 5.17620719 9.70352496 -5.41075313 -3.33021455
0.74765351 4.15641399 1.43566326 5.07474128 5.51531293 -0.34879361
0.83681075 1.38192172 6.72135609 -0.15616933 -1.95428859 5.07474128
-4.08354309 2.38697164 -3.41440906 -1.44014876 -6.18585473 -6.70100581
-5.21821012 -6.35277 -6.05769731 0.83681075 -3.33021455 -7.41317265
5.98482429 -2.60788824 2.38697164 -2.13303014 -2.84023091 -0.15616933
9.13047401 10.4664261 9.70352496 10.4664261 -5.90622917 7.19609716
2.83470525 5.07474128 3.60762886 5.63635685 5.07474128 3.14755681
-5.51106504 -1.11727047 1.06625457 1.51479568 5.2776731 1.32818019
-3.2757344 -4.74566783 0.74765351 5.98482429 -5.26298235 -5.84808705
-3.2757344 -5.41075313 1.32818019 -1.11727047 3.17211442 -2.13303014
-4.39681412 6.29358008 -1.11727047 -2.32198534 -2.45607839 2.83470525
11.90028399 0.55066783 17.6648044 4.08608183 -2.91842775 6.45873085
-2.8181849 1.38192172 2.52134599 -0.88518853 6.29358008 -0.81209967
3.19667202 3.60762886 -3.89458346 2.13135575 -7.41317265 -4.34726362
10.4664261 6.59004347 8.53024356 3.32862239 -3.5396647 4.12124791
-1.11727047 -0.73817009 -5.41075313 -4.34726362 -6.05769731 -5.50604852
7.19609716 -2.8181849 13.2817341 6.45873085 2.38697164 -3.89458346
-0.81209967 -3.22125426 -6.18585473 -5.24059623 -5.51608156 -5.90622917
2.38697164 2.70854207 4.08608183 2.38697164 0.3758071 -1.57771759
1.43566326 4.45214338 -2.24840698 0.55066783 7.64567042 15.94235973
11.11742087 -4.29292027 4.81796486 7.85553359 11.11742087 0.14641673
-0.66424051 -0.88518853 -4.95042571 -2.8181849 -0.40907453 4.77155253
5.07474128 11.90028399 7.64567042 -3.33021455 13.70558808 5.51531293
3.60762886 13.2817341 -0.81209967 2.77162366 -5.78413532 -3.56084135
3.14755681 2.13135575 -2.60788824 1.89136401 -6.05769731 -1.27870961
-5.51106504 -3.89458346 -0.15616933 -4.68850114 -2.60788824 -5.68280634
-7.56836886 -7.30636699 -6.25480531 -7.72356508 -6.79739348 1.43566326
-2.60788824 -5.58075532 -0.40907453 -3.5396647 -4.87663012 1.89136401
4.08608183 -4.74566783 -0.66424051 -5.00615338 3.17211442 -2.13303014
6.59004347 4.86437718 4.15641399 4.81796486 -6.05769731 -1.27870961
0.55066783 -5.58075532 11.90028399 -3.5396647 13.2817341 9.13047401
-2.32198534 -2.04365936 -7.72356508 -6.05769731 1.32818019 0.79223213
4.45214338 -6.55323415 11.11742087 0.74765351 11.90028399 8.53024356
1.59392809 5.2776731 -4.68850114 -2.8181849 -3.22125426 -4.08354309
-6.37181134 -5.9595933 -5.84808705 -6.37181134 -3.85504126 -6.30378766
-6.10527417 -8.14287258 -6.01295744 -6.05769731 -3.59249862 0.79223213
3.89997803 -3.57666998 9.13047401 3.17211442 10.4664261 0.55066783
-5.90622917 5.51531293 5.63635685 1.32818019 4.15641399 2.38697164
-0.34879361 -0.22234102 -5.50604852 -0.40907453 -0.15616933 -4.34726362
16.80358206 3.17211442 3.19667202 -1.95428859 -6.35277 -2.8181849
5.2776731 -4.08354309 0.83681075 2.77162366 -7.19956134 -3.56084135
-5.7201836 -6.14628909 -6.35277 -5.41075313 -6.14628909 -7.72356508
-0.88518853 2.30362054 -3.33021455 -5.51608156 -3.41440906 -6.01295744
-1.95428859 0.09188708 -3.22125426 -1.57771759 7.19609716 1.06625457
-0.15616933 9.13047401 -2.13303014 13.2817341 8.53024356 -3.56084135
-3.41440906 -6.10527417 -7.41317265 1.06625457 -8.59885296 -7.19956134
1.89136401 0.83681075 -2.84023091 -4.80283452 1.89136401 -1.84791063
-6.10527417 -8.14287258 -6.44635142 -6.05769731 -8.14287258 -2.8181849
-4.74566783 2.52134599 -4.80283452 -3.12980983 2.97226122 -4.68850114
-5.41075313 -0.73817009 -4.23857693 -4.34726362 -2.19071856 -5.50604852
-6.10527417 -5.24059623 0.20094638 4.45214338 9.13047401 17.6648044
2.97226122 1.89136401 5.17620719 3.17211442 0.79223213 3.19667202
13.70558808 8.53024356 7.85553359 2.30362054 -0.2885127 4.86437718
-5.00615338 -5.58075532 -5.06188106 -3.5396647 -3.03836541 -4.80283452
5.51531293 -4.44636462 -1.57771759 -4.08354309 7.85553359 10.4664261
-4.39681412 -2.8181849 -4.34726362 -2.32198534 -2.45607839 -3.89458346
2.52134599 2.97226122 2.70854207 3.60762886 6.45873085 -0.88518853
-7.56836886 -7.30636699 -5.64542908 -1.84791063 2.83470525 5.2776731
3.32862239 7.19609716 5.51531293 8.53024356 6.72135609 9.70352496
4.77155253 5.63635685 4.45214338 5.2776731 -1.84791063 -4.95042571
-5.26298235 1.38192172 -4.44636462 -3.89458346 4.77155253 -5.24059623
-1.57771759 -2.39556371 -5.7201836 1.51479568 -4.08354309 -5.68280634
-3.5396647 -0.40907453 6.45873085 -5.51608156 5.63635685 6.13920219
-2.97839658 -6.55323415 -5.21821012 -4.34726362 -2.19071856 3.46812562
-6.55323415 -2.51659307 -2.51659307 2.77162366 0.09188708 -6.44635142
2.70854207 5.98482429 3.89997803 15.94235973 9.70352496 6.72135609
-3.59249862 3.17211442 -3.56084135 -6.05769731 2.70854207 -6.12578163
7.85553359 13.70558808 -1.90109961 4.81796486 5.98482429 3.46812562
-5.84808705 -4.95042571 -6.79739348 -0.2885127 -7.72356508 -2.39556371
0.14641673 0.20094638 1.89136401 0.20094638 3.89997803 13.70558808
-6.10527417 -5.24059623 -2.97839658 -6.05769731 -6.35277 -6.12578163
0.14641673 -2.04365936 -5.26298235 -6.05769731 -5.14004559 -2.8181849
-8.14287258 -2.24840698 2.83470525 -8.14287258 15.94235973 13.2817341
2.30362054 4.08608183 -1.44014876 13.70558808 -6.55323415 11.90028399
9.70352496 11.11742087 13.70558808 11.11742087 -0.66424051 -0.34879361
-5.00615338 -5.58075532 1.59392809 -3.5396647 -4.87663012 -0.66424051
-0.34879361 -0.22234102 -3.89458346 -7.19956134 -6.55323415 -4.34726362
-1.84791063 -1.44014876 3.32862239 -5.24059623 4.45214338 2.52134599
-5.64542908 -2.91842775 -5.51608156 -5.00615338 -4.34726362 -2.13303014
-8.59885296 -6.18585473 -2.79613889 -8.59885296 -4.23857693 -5.06188106
-1.44014876 4.77155253 4.81796486 5.51531293 4.86437718 2.97226122
-3.89458346 -5.9595933 3.14755681 -2.91842775 -1.50893317 -3.33021455
-3.89458346 -3.57666998 -8.14287258 -6.37181134 0.79223213 -3.33021455
-2.97839658 -1.71281411 -1.90109961 6.72135609 2.52134599 1.59392809
-3.5396647 -6.39085269 -7.19956134 -5.51608156 1.43566326 6.13920219
-2.32198534 -3.46644856 -3.56084135 -6.05769731 -0.88518853 -6.12578163
-4.74566783 -5.06188106 -6.14628909 3.89997803 -5.50604852 2.21748814
5.63635685 15.94235973 -0.2885127 -0.73817009 -5.14004559 3.89997803
-6.25480531 -6.79739348 -6.60461814 -6.50185016 -4.68850114 2.70854207
-6.55323415 -6.25480531 -8.59885296 -6.60461814 -5.78413532 5.63635685
-2.32198534 7.64567042 -2.97839658 -0.73817009 -0.88518853 -2.8181849
1.32818019 -3.33021455 -2.39556371 -3.12980983 1.59392809 2.21748814
8.53024356 3.32862239 2.13135575 2.77162366 3.32862239 -6.44635142
6.59004347 -1.71281411 5.98482429 11.90028399 1.06625457 -5.50604852
6.29358008 7.85553359 2.30362054 7.19609716 2.30362054 7.750602
7.64567042 3.89997803 7.19609716 7.64567042 -2.79613889 11.11742087
-6.37181134 -5.9595933 0.09188708 0.09188708 -1.50893317 -6.30378766
4.15641399 6.59004347 15.94235973 9.13047401 -3.5396647 4.12124791
-4.23857693 -3.03836541 -5.90622917 -7.41317265 4.08608183 -8.37086277
-6.10527417 -8.14287258 -6.44635142 -6.05769731 -6.35277 -6.12578163
-6.99847741 0.74765351 0.55066783 -2.51659307 2.13135575 0.14641673
16.80358206 9.70352496 6.29358008 -2.60788824 17.6648044 -2.8181849
-2.8181849 1.38192172 -0.88518853 -3.89458346 -5.64542908 -5.24059623
2.13135575 -3.89458346 2.97226122 6.29358008 3.60762886 4.45214338
13.2817341 17.6648044 10.4664261 17.6648044 0.3758071 7.750602
-6.99847741 -4.29292027 -6.10527417 -6.79739348 -3.93412566 -6.70100581
4.86437718 2.83470525 -4.08354309 4.15641399 -4.44636462 -8.37086277
-2.32198534 -3.46644856 -3.56084135 -6.05769731 -0.88518853 -2.8181849
1.06625457 -5.9595933 5.17620719 9.70352496 -5.41075313 -3.33021455
0.74765351 4.15641399 1.43566326 5.07474128 5.51531293 -0.34879361
0.83681075 1.38192172 6.72135609 -0.15616933 -1.95428859 5.07474128
-4.08354309 2.38697164 -3.41440906 -1.44014876 -6.18585473 -6.70100581
-5.21821012 -6.35277 -6.05769731 0.83681075 -3.33021455 -7.41317265
5.98482429 -2.60788824 2.38697164 -2.13303014 -2.84023091 -0.15616933
9.13047401 10.4664261 9.70352496 10.4664261 -5.90622917 7.19609716
2.83470525 5.07474128 3.60762886 5.63635685 5.07474128 3.14755681
-5.51106504 -1.11727047 1.06625457 1.51479568 5.2776731 1.32818019
-3.2757344 -4.74566783 0.74765351 5.98482429 -5.26298235 -5.84808705
-3.2757344 -5.41075313 1.32818019 -1.11727047 3.17211442 -2.13303014
-4.39681412 6.29358008 -1.11727047 -2.32198534 -2.45607839 2.83470525
11.90028399 0.55066783 17.6648044 4.08608183 -2.91842775 6.45873085
-2.8181849 1.38192172 2.52134599 -0.88518853 6.29358008 -0.81209967
3.19667202 3.60762886 -3.89458346 2.13135575 -7.41317265 -4.34726362
10.4664261 6.59004347 8.53024356 3.32862239 -3.5396647 4.12124791
-1.11727047 -0.73817009 -5.41075313 -4.34726362 -6.05769731 -5.50604852
7.19609716 -2.8181849 13.2817341 6.45873085 2.38697164 -3.89458346
-0.81209967 -3.22125426 -6.18585473 -5.24059623 -5.51608156 -5.90622917
2.38697164 2.70854207 4.08608183 2.38697164 0.3758071 -1.57771759
1.43566326 4.45214338 -2.24840698 0.55066783 7.64567042 15.94235973
11.11742087 -4.29292027 4.81796486 7.85553359 11.11742087 0.14641673
-0.66424051 -0.88518853 -4.95042571 -2.8181849 -0.40907453 4.77155253
5.07474128 11.90028399 7.64567042 -3.33021455 13.70558808 5.51531293
3.60762886 13.2817341 -0.81209967 2.77162366 -5.78413532 -3.56084135
3.14755681 2.13135575 -2.60788824 1.89136401 -6.05769731 -1.27870961
-5.51106504 -3.89458346 -0.15616933 -4.68850114 -2.60788824 -5.68280634
-7.56836886 -7.30636699 -6.25480531 -7.72356508 -6.79739348 1.43566326
-2.60788824 -5.58075532 -0.40907453 -3.5396647 -4.87663012 1.89136401
4.08608183 -4.74566783 -0.66424051 -5.00615338 3.17211442 -2.13303014
6.59004347 4.86437718 4.15641399 4.81796486 -6.05769731 -1.27870961
0.55066783 -5.58075532 11.90028399 -3.5396647 13.2817341 9.13047401
-2.32198534 -2.04365936 -7.72356508 -6.05769731 1.32818019 0.79223213
4.45214338 -6.55323415 11.11742087 0.74765351 11.90028399 8.53024356
1.59392809 5.2776731 -4.68850114 -2.8181849 -3.22125426 -4.08354309
-6.37181134 -5.9595933 -5.84808705 -6.37181134 -3.85504126 -6.30378766
-6.10527417 -8.14287258 -6.01295744 -6.05769731 -3.59249862 0.79223213
3.89997803 -3.57666998 9.13047401 3.17211442 10.4664261 0.55066783
-5.90622917 5.51531293 5.63635685 1.32818019 4.15641399 2.38697164
-0.34879361 -0.22234102 -5.50604852 -0.40907453 -0.15616933 -4.34726362
16.80358206 3.17211442 3.19667202 -1.95428859 -6.35277 -2.8181849
5.2776731 -4.08354309 0.83681075 2.77162366 -7.19956134 -3.56084135
-5.7201836 -6.14628909 -6.35277 -5.41075313 -6.14628909 -7.72356508
-0.88518853 2.30362054 -3.33021455 -5.51608156 -3.41440906 -6.01295744
-1.95428859 0.09188708 -3.22125426 -1.57771759 7.19609716 1.06625457
-0.15616933 9.13047401 -2.13303014 13.2817341 8.53024356 -3.56084135
-3.41440906 -6.10527417 -7.41317265 1.06625457 -8.59885296 -7.19956134
1.89136401 0.83681075 -2.84023091 -4.80283452 1.89136401 -1.84791063
-6.10527417 -8.14287258 -6.44635142 -6.05769731 -8.14287258 -2.8181849
-4.74566783 2.52134599 -4.80283452 -3.12980983 2.97226122 -4.68850114
-5.41075313 -0.73817009 -4.23857693 -4.34726362 -2.19071856 -5.50604852
-6.10527417 -5.24059623 0.20094638 4.45214338 9.13047401 17.6648044
2.97226122 1.89136401 5.17620719 3.17211442 0.79223213 3.19667202
13.70558808 8.53024356 7.85553359 2.30362054 -0.2885127 4.86437718
-5.00615338 -5.58075532 -5.06188106 -3.5396647 -3.03836541 -4.80283452
5.51531293 -4.44636462 -1.57771759 -4.08354309 7.85553359 10.4664261
-4.39681412 -2.8181849 -4.34726362 -2.32198534 -2.45607839 -3.89458346
2.52134599 2.97226122 2.70854207 3.60762886 6.45873085 -0.88518853
-7.56836886 -7.30636699 -5.64542908 -1.84791063 2.83470525 5.2776731
3.32862239 7.19609716 5.51531293 8.53024356 6.72135609 9.70352496
4.77155253 5.63635685 4.45214338 5.2776731 -1.84791063 -4.95042571
-5.26298235 1.38192172 -4.44636462 -3.89458346 4.77155253 -5.24059623
-1.57771759 -2.39556371 -5.7201836 1.51479568 -4.08354309 -5.68280634
-3.5396647 -0.40907453 6.45873085 -5.51608156 5.63635685 6.13920219
-2.97839658 -6.55323415 -5.21821012 -4.34726362 -2.19071856 3.46812562
-6.55323415 -2.51659307 -2.51659307 2.77162366 0.09188708 -6.44635142
2.70854207 5.98482429 3.89997803 15.94235973 9.70352496 6.72135609
-3.59249862 3.17211442 -3.56084135 -6.05769731 2.70854207 -6.12578163
7.85553359 13.70558808 -1.90109961 4.81796486 5.98482429 3.46812562
-5.84808705 -4.95042571 -6.79739348 -0.2885127 -7.72356508 -2.39556371
0.14641673 0.20094638 1.89136401 0.20094638 3.89997803 13.70558808
-6.10527417 -5.24059623 -2.97839658 -6.05769731 -6.35277 -6.12578163
0.14641673 -2.04365936 -5.26298235 -6.05769731 -5.14004559 -2.8181849
-8.14287258 -2.24840698 2.83470525 -8.14287258 15.94235973 13.2817341
2.30362054 4.08608183 -1.44014876 13.70558808 -6.55323415 11.90028399
9.70352496 11.11742087 13.70558808 11.11742087 -0.66424051 -0.34879361
-5.00615338 -5.58075532 1.59392809 -3.5396647 -4.87663012 -0.66424051
-0.34879361 -0.22234102 -3.89458346 -7.19956134 -6.55323415 -4.34726362
-1.84791063 -1.44014876 3.32862239 -5.24059623 4.45214338 2.52134599
-5.64542908 -2.91842775 -5.51608156 -5.00615338 -4.34726362 -2.13303014
-8.59885296 -6.18585473 -2.79613889 -8.59885296 -4.23857693 -5.06188106
-1.44014876 4.77155253 4.81796486 5.51531293 4.86437718 2.97226122
-3.89458346 -5.9595933 3.14755681 -2.91842775 -1.50893317 -3.33021455
-3.89458346 -3.57666998 -8.14287258 -6.37181134 0.79223213 -3.33021455
-2.97839658 -1.71281411 -1.90109961 6.72135609 2.52134599 1.59392809
-3.5396647 -6.39085269 -7.19956134 -5.51608156 1.43566326 6.13920219
-2.32198534 -3.46644856 -3.56084135 -6.05769731 -0.88518853 -6.12578163
-4.74566783 -5.06188106 -6.14628909 3.89997803 -5.50604852 2.21748814
5.63635685 15.94235973 -0.2885127 -0.73817009 -5.14004559 3.89997803
-6.25480531 -6.79739348 -6.60461814 -6.50185016 -4.68850114 2.70854207
-6.55323415 -6.25480531 -8.59885296 -6.60461814 -5.78413532 5.63635685
-2.32198534 7.64567042 -2.97839658 -0.73817009 -0.88518853 -2.8181849
1.32818019 -3.33021455 -2.39556371 -3.12980983 1.59392809 2.21748814
8.53024356 3.32862239 2.13135575 2.77162366 3.32862239 -6.44635142
6.59004347 -1.71281411 5.98482429 11.90028399 1.06625457 -5.50604852
6.29358008 7.85553359 2.30362054 7.19609716 2.30362054 7.750602
7.64567042 3.89997803 7.19609716 7.64567042 -2.79613889 11.11742087
-6.37181134 -5.9595933 0.09188708 0.09188708 -1.50893317 -6.30378766
4.15641399 6.59004347 15.94235973 9.13047401 -3.5396647 4.12124791
-4.23857693 -3.03836541 -5.90622917 -7.41317265 4.08608183 -8.37086277
-6.10527417 -8.14287258 -6.44635142 -6.05769731 -6.35277 -6.12578163
-6.99847741 0.74765351 0.55066783 -2.51659307 2.13135575 0.14641673
16.80358206 9.70352496 6.29358008 -2.60788824 17.6648044 -2.8181849
-2.8181849 1.38192172 -0.88518853 -3.89458346 -5.64542908 -5.24059623
2.13135575 -3.89458346 2.97226122 6.29358008 3.60762886 4.45214338
13.2817341 17.6648044 10.4664261 17.6648044 0.3758071 7.750602
-6.99847741 -4.29292027 -6.10527417 -6.79739348 -3.93412566 -6.70100581
4.86437718 2.83470525 -4.08354309 4.15641399 -4.44636462 -8.37086277
-2.32198534 -3.46644856 -3.56084135 -6.05769731 -0.88518853 -2.8181849
1.06625457 -5.9595933 5.17620719 9.70352496 -5.41075313 -3.33021455
0.74765351 4.15641399 1.43566326 5.07474128 5.51531293 -0.34879361
0.83681075 1.38192172 6.72135609 -0.15616933 -1.95428859 5.07474128
-4.08354309 2.38697164 -3.41440906 -1.44014876 -6.18585473 -6.70100581
-5.21821012 -6.35277 -6.05769731 0.83681075 -3.33021455 -7.41317265
5.98482429 -2.60788824 2.38697164 -2.13303014 -2.84023091 -0.15616933
9.13047401 10.4664261 9.70352496 10.4664261 -5.90622917 7.19609716
2.83470525 5.07474128 3.60762886 5.63635685 5.07474128 3.14755681
-5.51106504 -1.11727047 1.06625457 1.51479568 5.2776731 1.32818019
-3.2757344 -4.74566783 0.74765351 5.98482429 -5.26298235 -5.84808705
-3.2757344 -5.41075313 1.32818019 -1.11727047 3.17211442 -2.13303014
-4.39681412 6.29358008 -1.11727047 -2.32198534 -2.45607839 2.83470525
11.90028399 0.55066783 17.6648044 4.08608183 -2.91842775 6.45873085
-2.8181849 1.38192172 2.52134599 -0.88518853 6.29358008 -0.81209967
3.19667202 3.60762886 -3.89458346 2.13135575 -7.41317265 -4.34726362
10.4664261 6.59004347 8.53024356 3.32862239 -3.5396647 4.12124791
-1.11727047 -0.73817009 -5.41075313 -4.34726362 -6.05769731 -5.50604852
7.19609716 -2.8181849 13.2817341 6.45873085 2.38697164 -3.89458346
-0.81209967 -3.22125426 -6.18585473 -5.24059623 -5.51608156 -5.90622917
2.38697164 2.70854207 4.08608183 2.38697164 0.3758071 -1.57771759
1.43566326 4.45214338 -2.24840698 0.55066783 7.64567042 15.94235973
11.11742087 -4.29292027 4.81796486 7.85553359 11.11742087 0.14641673
-0.66424051 -0.88518853 -4.95042571 -2.8181849 -0.40907453 4.77155253
5.07474128 11.90028399 7.64567042 -3.33021455 13.70558808 5.51531293
3.60762886 13.2817341 -0.81209967 2.77162366 -5.78413532 -3.56084135
3.14755681 2.13135575 -2.60788824 1.89136401 -6.05769731 -1.27870961
-5.51106504 -3.89458346 -0.15616933 -4.68850114 -2.60788824 -5.68280634
-7.56836886 -7.30636699 -6.25480531 -7.72356508 -6.79739348 1.43566326
-2.60788824 -5.58075532 -0.40907453 -3.5396647 -4.87663012 1.89136401
4.08608183 -4.74566783 -0.66424051 -5.00615338 3.17211442 -2.13303014
6.59004347 4.86437718 4.15641399 4.81796486 -6.05769731 -1.27870961
0.55066783 -5.58075532 11.90028399 -3.5396647 13.2817341 9.13047401
-2.32198534 -2.04365936 -7.72356508 -6.05769731 1.32818019 0.79223213
4.45214338 -6.55323415 11.11742087 0.74765351 11.90028399 8.53024356
1.59392809 5.2776731 -4.68850114 -2.8181849 -3.22125426 -4.08354309
-6.37181134 -5.9595933 -5.84808705 -6.37181134 -3.85504126 -6.30378766
-6.10527417 -8.14287258 -6.01295744 -6.05769731 -3.59249862 0.79223213
3.89997803 -3.57666998 9.13047401 3.17211442 10.4664261 0.55066783
-5.90622917 5.51531293 5.63635685 1.32818019 4.15641399 2.38697164
-0.34879361 -0.22234102 -5.50604852 -0.40907453 -0.15616933 -4.34726362
16.80358206 3.17211442 3.19667202 -1.95428859 -6.35277 -2.8181849
5.2776731 -4.08354309 0.83681075 2.77162366 -7.19956134 -3.56084135
-5.7201836 -6.14628909 -6.35277 -5.41075313 -6.14628909 -7.72356508
-0.88518853 2.30362054 -3.33021455 -5.51608156 -3.41440906 -6.01295744
-1.95428859 0.09188708 -3.22125426 -1.57771759 7.19609716 1.06625457
-0.15616933 9.13047401 -2.13303014 13.2817341 8.53024356 -3.56084135
-3.41440906 -6.10527417 -7.41317265 1.06625457 -8.59885296 -7.19956134
1.89136401 0.83681075 -2.84023091 -4.80283452 1.89136401 -1.84791063
-6.10527417 -8.14287258 -6.44635142 -6.05769731 -8.14287258 -2.8181849
-4.74566783 2.52134599 -4.80283452 -3.12980983 2.97226122 -4.68850114
-5.41075313 -0.73817009 -4.23857693 -4.34726362 -2.19071856 -5.50604852
-6.10527417 -5.24059623 0.20094638 4.45214338 9.13047401 17.6648044
2.97226122 1.89136401 5.17620719 3.17211442 0.79223213 3.19667202
13.70558808 8.53024356 7.85553359 2.30362054 -0.2885127 4.86437718
-5.00615338 -5.58075532 -5.06188106 -3.5396647 -3.03836541 -4.80283452
5.51531293 -4.44636462 -1.57771759 -4.08354309 7.85553359 10.4664261
-4.39681412 -2.8181849 -4.34726362 -2.32198534 -2.45607839 -3.89458346
2.52134599 2.97226122 2.70854207 3.60762886 6.45873085 -0.88518853
-7.56836886 -7.30636699 -5.64542908 -1.84791063 2.83470525 5.2776731
3.32862239 7.19609716 5.51531293 8.53024356 6.72135609 9.70352496
4.77155253 5.63635685 4.45214338 5.2776731 -1.84791063 -4.95042571
-5.26298235 1.38192172 -4.44636462 -3.89458346 4.77155253 -5.24059623
-1.57771759 -2.39556371 -5.7201836 1.51479568 -4.08354309 -5.68280634
-3.5396647 -0.40907453 6.45873085 -5.51608156 5.63635685 6.13920219
-2.97839658 -6.55323415 -5.21821012 -4.34726362 -2.19071856 3.46812562
-6.55323415 -2.51659307 -2.51659307 2.77162366 0.09188708 -6.44635142
2.70854207 5.98482429 3.89997803 15.94235973 9.70352496 6.72135609
-3.59249862 3.17211442 -3.56084135 -6.05769731 2.70854207 -6.12578163
7.85553359 13.70558808 -1.90109961 4.81796486 5.98482429 3.46812562
-5.84808705 -4.95042571 -6.79739348 -0.2885127 -7.72356508 -2.39556371
0.14641673 0.20094638 1.89136401 0.20094638 3.89997803 13.70558808
-6.10527417 -5.24059623 -2.97839658 -6.05769731 -6.35277 -6.12578163
0.14641673 -2.04365936 -5.26298235 -6.05769731 -5.14004559 -2.8181849
-8.14287258 -2.24840698 2.83470525 -8.14287258 15.94235973 13.2817341
2.30362054 4.08608183 -1.44014876 13.70558808 -6.55323415 11.90028399
9.70352496 11.11742087 13.70558808 11.11742087 -0.66424051 -0.34879361
-5.00615338 -5.58075532 1.59392809 -3.5396647 -4.87663012 -0.66424051
-0.34879361 -0.22234102 -3.89458346 -7.19956134 -6.55323415 -4.34726362
-1.84791063 -1.44014876 3.32862239 -5.24059623 4.45214338 2.52134599
-5.64542908 -2.91842775 -5.51608156 -5.00615338 -4.34726362 -2.13303014
-8.59885296 -6.18585473 -2.79613889 -8.59885296 -4.23857693 -5.06188106
-1.44014876 4.77155253 4.81796486 5.51531293 4.86437718 2.97226122
-3.89458346 -5.9595933 3.14755681 -2.91842775 -1.50893317 -3.33021455
-3.89458346 -3.57666998 -8.14287258 -6.37181134 0.79223213 -3.33021455
-2.97839658 -1.71281411 -1.90109961 6.72135609 2.52134599 1.59392809
-3.5396647 -6.39085269 -7.19956134 -5.51608156 1.43566326 6.13920219
-2.32198534 -3.46644856 -3.56084135 -6.05769731 -0.88518853 -6.12578163
-4.74566783 -5.06188106 -6.14628909 3.89997803 -5.50604852 2.21748814
5.63635685 15.94235973 -0.2885127 -0.73817009 -5.14004559 3.89997803
-6.25480531 -6.79739348 -6.60461814 -6.50185016 -4.68850114 2.70854207
-6.55323415 -6.25480531 -8.59885296 -6.60461814 -5.78413532 5.63635685
-2.32198534 7.64567042 -2.97839658 -0.73817009 -0.88518853 -2.8181849
1.32818019 -3.33021455 -2.39556371 -3.12980983 1.59392809 2.21748814
8.53024356 3.32862239 2.13135575 2.77162366 3.32862239 -6.44635142
6.59004347 -1.71281411 5.98482429 11.90028399 1.06625457 -5.50604852
6.29358008 7.85553359 2.30362054 7.19609716 2.30362054 7.750602
7.64567042 3.89997803 7.19609716 7.64567042 -2.79613889 11.11742087
-6.37181134 -5.9595933 0.09188708 0.09188708 -1.50893317 -6.30378766
4.15641399 6.59004347 15.94235973 9.13047401 -3.5396647 4.12124791
-4.23857693 -3.03836541 -5.90622917 -7.41317265 4.08608183 -8.37086277
-6.10527417 -8.14287258 -6.44635142 -6.05769731 -6.35277 -6.12578163
-6.99847741 0.74765351 0.55066783 -2.51659307 2.13135575 0.14641673
16.80358206 9.70352496 6.29358008 -2.60788824 17.6648044 -2.8181849
-2.8181849 1.38192172 -0.88518853 -3.89458346 -5.64542908 -5.24059623
2.13135575 -3.89458346 2.97226122 6.29358008 3.60762886 4.45214338
13.2817341 17.6648044 10.4664261 17.6648044 0.3758071 7.750602
-6.99847741 -4.29292027 -6.10527417 -6.79739348 -3.93412566 -6.70100581
4.86437718 2.83470525 -4.08354309 4.15641399 -4.44636462 -8.37086277
-2.32198534 -3.46644856 -3.56084135 -6.05769731 -0.88518853 -2.8181849
1.06625457 -5.9595933 5.17620719 9.70352496 -5.41075313 -3.33021455
0.74765351 4.15641399 1.43566326 5.07474128 5.51531293 -0.34879361
0.83681075 1.38192172 6.72135609 -0.15616933 -1.95428859 5.07474128
-4.08354309 2.38697164 -3.41440906 -1.44014876 -6.18585473 -6.70100581
-5.21821012 -6.35277 -6.05769731 0.83681075 -3.33021455 -7.41317265
5.98482429 -2.60788824 2.38697164 -2.13303014 -2.84023091 -0.15616933
9.13047401 10.4664261 9.70352496 10.4664261 -5.90622917 7.19609716
2.83470525 5.07474128 3.60762886 5.63635685 5.07474128 3.14755681
-5.51106504 -1.11727047 1.06625457 1.51479568 5.2776731 1.32818019
-3.2757344 -4.74566783 0.74765351 5.98482429 -5.26298235 -5.84808705
-3.2757344 -5.41075313 1.32818019 -1.11727047 3.17211442 -2.13303014
-4.39681412 6.29358008 -1.11727047 -2.32198534 -2.45607839 2.83470525
11.90028399 0.55066783 17.6648044 4.08608183 -2.91842775 6.45873085
-2.8181849 1.38192172 2.52134599 -0.88518853 6.29358008 -0.81209967
3.19667202 3.60762886 -3.89458346 2.13135575 -7.41317265 -4.34726362
10.4664261 6.59004347 8.53024356 3.32862239 -3.5396647 4.12124791
-1.11727047 -0.73817009 -5.41075313 -4.34726362 -6.05769731 -5.50604852
7.19609716 -2.8181849 13.2817341 6.45873085 2.38697164 -3.89458346
-0.81209967 -3.22125426 -6.18585473 -5.24059623 -5.51608156 -5.90622917
2.38697164 2.70854207 4.08608183 2.38697164 0.3758071 -1.57771759
1.43566326 4.45214338 -2.24840698 0.55066783 7.64567042 15.94235973
11.11742087 -4.29292027 4.81796486 7.85553359 11.11742087 0.14641673
-0.66424051 -0.88518853 -4.95042571 -2.8181849 -0.40907453 4.77155253
5.07474128 11.90028399 7.64567042 -3.33021455 13.70558808 5.51531293
3.60762886 13.2817341 -0.81209967 2.77162366 -5.78413532 -3.56084135
3.14755681 2.13135575 -2.60788824 1.89136401 -6.05769731 -1.27870961
-5.51106504 -3.89458346 -0.15616933 -4.68850114 -2.60788824 -5.68280634
-7.56836886 -7.30636699 -6.25480531 -7.72356508 -6.79739348 1.43566326
-2.60788824 -5.58075532 -0.40907453 -3.5396647 -4.87663012 1.89136401
4.08608183 -4.74566783 -0.66424051 -5.00615338 3.17211442 -2.13303014
6.59004347 4.86437718 4.15641399 4.81796486 -6.05769731 -1.27870961
0.55066783 -5.58075532 11.90028399 -3.5396647 13.2817341 9.13047401
-2.32198534 -2.04365936 -7.72356508 -6.05769731 1.32818019 0.79223213
4.45214338 -6.55323415 11.11742087 0.74765351 11.90028399 8.53024356
1.59392809 5.2776731 -4.68850114 -2.8181849 -3.22125426 -4.08354309
-6.37181134 -5.9595933 -5.84808705 -6.37181134 -3.85504126 -6.30378766
-6.10527417 -8.14287258 -6.01295744 -6.05769731 -3.59249862 0.79223213
3.89997803 -3.57666998 9.13047401 3.17211442 10.4664261 0.55066783
-5.90622917 5.51531293 5.63635685 1.32818019 4.15641399 2.38697164
-0.34879361 -0.22234102 -5.50604852 -0.40907453 -0.15616933 -4.34726362
16.80358206 3.17211442 3.19667202 -1.95428859 -6.35277 -2.8181849
5.2776731 -4.08354309 0.83681075 2.77162366 -7.19956134 -3.56084135
-5.7201836 -6.14628909 -6.35277 -5.41075313 -6.14628909 -7.72356508
